DUKE
7
2000	0.0104061031618989	-126.806033530813	0.00330106901639956	138.326052147913
2001	0.0100061448538788	-177.854067474743	0.00332166462957359	15.4087321458961
2002	0.00959756022169736	-51.0881410491804	0.00343421877671352	217.868919110172
2003	0.0103771864133895	-14.5599676264752	0.00334718721724423	132.512550821329
2004	0.00949298977241822	-149.804203662779	0.00348265502405554	205.589666125239
2005	0.00965826399582342	-166.207239813358	0.00331178542144988	20.1909686194567
2006	0.0096491698114196	-26.5690177324640	0.00337807171475106	22.0942353726649


Howland
7
2000	0.00811803188902678	-12.2536774597066	0.00349757041595672	86.877717682433
2001	0.00901446424458205	-19.5760985543421	0.00348210783420773	23.0746830814459
2002	0.00717098877369962	-188.498788684971	0.00361292563308686	195.315999835744
2003	0.00679005383639958	-167.75330551336	0.00348341860879830	12.2273302724644
2004	0.00844647843707297	-83.7799380918744	0.00349057742837926	41.7971264125063
2005	0.00702231330262075	-127.477274071035	0.0034275351871174	15.4906977428460
2006	0.00699536089926775	-150.424705393526	0.00370016033069104	79.7870837014146

Sylvania
7
2000	0.00783184565050195	-61.2322653709065	0.0036006190693919	19.5872015269005
2001	0.0079547410483726	-36.7971347693139	0.00362326224836462	30.5222029966916
2002	0.00711828315868761	-30.9530834422848	0.00360581831839987	31.0718656803781
2003	0.00730252871829096	-14.0044965289835	0.00386541086472701	184.753093823264
2004	0.00693972896735478	-27.6002669929329	0.00359769264429858	74.1113278420513
2005	0.00707129683300483	-48.0647244490234	0.00358260174110713	27.7343207311832
2006	0.00753559812736637	-17.5560672775553	0.00378677821224718	52.0180098117595

Harvard Forest
12  
1992	0.00621	-15.1	0.00360	50.1
1993	0.00709	-19.1	0.00359	48.4
1994	0.00688	-19.5	0.00363	37.1
1995	0.00680	-24.2	0.00365	31.4
1996	0.00673	-20.0	0.00357	47.3
1997	0.00653	-20.9	0.00358	46.9
1998	0.00726	-14.8	0.00363	34.8
1999	0.00702	-17.3	0.00355	45.1
2000	0.00683	-14.8	0.00360	40.5
2001	0.00705	-13.7	0.00358	36.1
2002	0.00682	-19.6	0.00352	36.3
2003	0.0066	-23.0	0.00356	48.3


Willow Creek
7
2000	0.00753318983312584	-195.404974446951	0.00359882624837797	56.0114308732691
2001	0.00796423094924764	-65.1343982756267	0.0036068995770734	128.804055464435
2002	0.00699769995276083	-41.82343104843		0.00364699225086102	47.0313098588177
2003	0.0073432948802193	-53.9247905800702	0.00359619913520184	31.66037261665
2004	0.00706651168375528	-58.4711999669925	0.00361320292892607	78.0767829215962
2005	0.00697154221426145	-24.9355303077400	0.00366275304013767	20.4100125949952
2006	0.00766372644767137	-16.9275900070037	0.00373856967102432	42.2423710027191
